0 0.073047 0.058402 0.137898 0.104508
0 0.200338 0.054303 0.143202 0.104508
0 0.332932 0.053279 0.159113 0.106557
0 0.488067 0.058402 0.140550 0.096311
0 0.637898 0.056352 0.143202 0.096311
0 0.770492 0.061475 0.132594 0.106557
0 0.917671 0.059426 0.140550 0.110656
0 0.071721 0.163934 0.140550 0.102459
0 0.213597 0.168033 0.143202 0.114754
0 0.348843 0.167008 0.159113 0.112705
0 0.494696 0.161885 0.137898 0.102459
0 0.627290 0.172131 0.137898 0.118852
0 0.765188 0.169057 0.143202 0.104508
0 0.912367 0.173156 0.129942 0.104508
0 0.075699 0.276639 0.137898 0.106557
0 0.209619 0.275615 0.140550 0.112705
0 0.351495 0.276639 0.127290 0.106557
0 0.492044 0.279713 0.137898 0.100410
0 0.635246 0.269467 0.121986 0.104508
0 0.778447 0.282787 0.127290 0.110656
0 0.915019 0.279713 0.119335 0.112705
0 0.066418 0.384221 0.129942 0.100410
0 0.212271 0.385246 0.135246 0.098361
0 0.348843 0.387295 0.127290 0.102459
0 0.489392 0.387295 0.137898 0.102459
0 0.635246 0.390369 0.121986 0.112705
0 0.777122 0.387295 0.145853 0.114754
0 0.920323 0.388320 0.124638 0.108607
0 0.078351 0.500000 0.143202 0.098361
0 0.204315 0.505123 0.140550 0.096311
0 0.351495 0.502049 0.143202 0.106557
0 0.484089 0.506148 0.153809 0.106557
0 0.636572 0.501025 0.135246 0.100410
0 0.774470 0.498975 0.129942 0.112705
0 0.918997 0.498975 0.121986 0.096311